VertexCount: 24
TriangleCount: 12
Vertices
-------BACK-----------
-1.0 -1.0 1.0 1.0 1.0 0.0 0.0 1.0
-1.0 1.0 1.0 1.0 0.0 0.0 0.0 1.0
1.0 -1.0 1.0 0.0 1.0 0.0 0.0 1.0
1.0 1.0 1.0 0.0 0.0 0.0 0.0 1.0
------FRONT--------------
-1.0 -1.0 -1.0 0.0 1.0 0.0 0.0 -1.0
-1.0 1.0 -1.0 0.0 0.0 0.0 0.0 -1.0
1.0 -1.0 -1.0 1.0 1.0 0.0 0.0 -1.0
1.0 1.0 -1.0 1.0 0.0 0.0 0.0 -1.0
-------RIGHT-----------
1.0 -1.0 -1.0 0.0 1.0 1.0 0.0 0.0
1.0 1.0 -1.0 0.0 0.0 1.0 0.0 0.0
1.0 -1.0 1.0 1.0 1.0 1.0 0.0 0.0
1.0 1.0 1.0 1.0 0.0 1.0 0.0 0.0
--------LEFT------------
-1.0 -1.0 -1.0 1.0 1.0 -1.0 0.0 0.0
-1.0 1.0 -1.0 1.0 0.0 -1.0 0.0 0.0
-1.0 -1.0 1.0 0.0 1.0 -1.0 0.0 0.0
-1.0 1.0 1.0 0.0 0.0 -1.0 0.0 0.0
---------TOP------------
-1.0 1.0 -1.0 0.0 1.0 0.0 1.0 0.0
1.0 1.0 -1.0 1.0 1.0 0.0 1.0 0.0
-1.0 1.0 1.0 0.0 0.0 0.0 1.0 0.0
1.0 1.0 1.0 1.0 0.0 0.0 1.0 0.0
---------BOTTOM---------
-1.0 -1.0 -1.0 0.0 1.0 0.0 -1.0 0.0
1.0 -1.0 -1.0 1.0 1.0 0.0 -1.0 0.0
-1.0 -1.0 1.0 0.0 0.0 0.0 -1.0 0.0
1.0 -1.0 1.0 1.0 0.0 0.0 -1.0 0.0

Indices
2 1 0
2 3 1
4 7 6
4 5 7
8 9 11
8 11 10
15 13 12
14 15 12
17 16 18
19 17 18
22 20 21
22 21 23


Normals
-------BACK-----------
-1.0 -1.0 1.0 1.0 1.0 
-1.0 1.0 1.0 1.0 0.0
1.0 -1.0 1.0 0.0 1.0
1.0 1.0 1.0 0.0 0.0
------FRONT--------------
-1.0 -1.0 -1.0 0.0 1.0
-1.0 1.0 -1.0 0.0 0.0
1.0 -1.0 -1.0 1.0 1.0
1.0 1.0 -1.0 1.0 0.0
-------RIGHT-----------
1.0 -1.0 -1.0 0.0 1.0
1.0 1.0 -1.0 0.0 0.0
1.0 -1.0 1.0 1.0 1.0
1.0 1.0 1.0 1.0 0.0
--------LEFT------------
-1.0 -1.0 -1.0 1.0 1.0
-1.0 1.0 -1.0 1.0 0.0
-1.0 -1.0 1.0 0.0 1.0
-1.0 1.0 1.0 0.0 0.0
---------TOP------------
-1.0 1.0 -1.0 0.0 1.0
1.0 1.0 -1.0 1.0 1.0
-1.0 1.0 1.0 0.0 0.0
1.0 1.0 1.0 1.0 0.0
---------BOTTOM---------
-1.0 -1.0 -1.0 0.0 1.0
1.0 -1.0 -1.0 1.0 1.0
-1.0 -1.0 1.0 0.0 0.0
1.0 -1.0 1.0 1.0 0.0